variant_id,stop_id
774946,1705
797647,1407
797647,1532
797823,1531
797823,1408
805419,73
805422,83
805422,2482
805422,73
805593,1603
805593,1497
806431,1704
806432,1704
806432,2477
806432,4248
806466,1705
806466,4201
807472,1531
809315,1531
809416,1376
809416,1532
809456,1868
809478,1531
809492,1532
809494,1531
809723,568
809723,572
809873,4248
809873,2040
809873,1705
809910,4013
809910,3976
809910,4026
809910,4002
809911,4003
809911,4025
809911,3976
809911,4014
810127,1398
810127,3522
810127,1418
810127,2031
810127,1868
811372,1532
812503,992
812503,1015
812503,1705
812505,1015
812505,1705
812512,992
812512,1015
812516,3871
812516,992
812516,1015
812540,1705
812541,3977
812541,992
812541,1705
813880,1398
813880,1541
813880,1581
813880,1502
813989,1704
813989,149
813990,148
813990,1705
814006,153
814006,148
814006,1705
814092,1897
814092,2034
814092,1417
814092,3521
814092,1541
814092,1375
814095,1897
814888,4685
814888,1534
814888,1418
814888,2031
814888,1897
815232,469
815232,2905
815232,435
815232,1011
815233,469
815233,2905
815233,435
815233,1011
815449,539
815449,527
815688,3977
815688,992
815688,1015
815688,1705
815995,3720
815995,3245
815995,727
815995,3415
816014,3419
816014,4591
816014,3599
816354,1151
816354,305
816354,3891
816354,1002
816469,665
816489,2935
816489,2506
816489,3422
816489,2013
816489,761
816493,2935
816493,2506
816493,3422
816493,2013
816494,2506
816494,3422
816494,2013
816494,761
816495,2506
816495,3422
816495,2013
816498,760
816498,1230
816498,2711
816498,3419
816498,2375
816779,1603
816779,1497
816779,2818
816825,1603
816825,1497
816825,2818
816902,1897
816902,2034
816902,1417
816902,3521
817022,1407
817022,1532
817022,2818
817616,3131
817625,636
817724,3421
817724,2275
817725,2276
817725,3415
817726,3421
817726,2275
817727,2276
817727,3415
817735,1215
817735,481
817963,518
817963,436
817963,3134
817968,526
817968,538
818476,1750
818967,568
819028,3895
819095,2342
819128,788
819183,3421
819281,1541
819332,1496
819332,1604
819336,1897
819336,2034
819336,1417
819336,1533
819336,4684
819337,4685
819337,1534
819337,1418
819337,2031
819337,1495
819339,1897
819343,1897
819351,1897
819351,2034
819351,1417
819351,3521
819352,1897
819352,2034
819352,1417
819352,3521
819357,1541
819374,1398
819374,3522
819374,1418
819374,2031
819374,1868
819376,1751
819383,1398
819401,1396
819404,1542
819411,1603
819411,1497
819447,1396
819447,2034
819447,1417
819447,3521
819447,1397
819449,1396
819451,1868
819459,1397
819782,83
819782,2482
819782,73
819782,3467
819782,2839
819784,83
819784,2482
819784,73
819784,3467
819784,2839
819784,3994
819785,2838
819785,3476
819785,74
819785,1025
819787,2838
819787,3476
819787,74
819787,1025
819789,3995
819789,2838
819789,3476
819789,74
819789,1025
819793,74
819793,1025
819795,74
819795,1025
820343,3901
820390,26
820390,3133
820537,1542
820537,3523
820537,1419
820537,1547
820537,2536
820563,1548
820563,1420
820563,3521
821143,1704
821143,72
821143,1125
821143,4804
821143,114
821177,1542
821177,3523
821177,1419
821177,1547
821177,2536
821224,3522
821224,1419
821224,1547
821224,2536
821228,4685
821228,1534
821365,3901
821437,94
821437,1125
821437,3762
821856,1548
821856,1420
821856,3521
821856,1541
821880,1548
821880,1420
821880,1524
821880,2031
821945,1963
821945,2863
821945,316
821945,3518
821945,3892
821945,1249
821945,3134
821956,1963
821956,2863
821956,316
821956,3518
821956,3892
821956,1249
821956,3134
821957,4706
821957,1963
821957,2863
821957,316
821957,3518
821957,3892
821957,1249
821957,3134
821978,4706
821978,1963
821978,2863
821978,316
821978,3518
821978,3892
821978,1249
821978,3134
822074,812
822074,3861
822074,4458
822074,4115
822074,4459
822074,4746
822075,4747
822075,4460
822075,4114
822075,4457
822075,3410
822076,812
822076,3861
822076,4458
822076,4463
822077,4429
822077,4464
822077,4457
822077,3410
822084,812
822084,3861
822084,4458
822084,4463
822084,4707
822084,4744
822084,4493
822084,4497
822085,4496
822085,4490
822085,4745
822085,4429
822085,4464
822085,4457
822085,3410
822305,1897
822305,2034
822305,1417
822305,3521
822305,1541
822397,1495
822402,1398
822402,1541
822402,1581
822402,1502
822403,1501
822403,1580
822403,1544
822404,1541
822404,1581
822404,1502
822569,4376
822569,4125
822569,4137
822569,4122
822569,3906
822569,3514
822569,3519
822570,4125
822570,4137
822570,4122
822579,1160
822579,639
822579,3899
822579,1892
822579,604
822579,934
822579,568
822584,1160
822584,639
822584,3899
822584,1892
822584,604
822584,568
822584,1034
822584,1701
822586,1160
822586,639
822586,3899
822586,1892
822586,604
822586,2117
822586,568
822618,1897
822651,3134
822651,481
822651,3891
822651,2342
822653,3134
822741,1897
822869,3720
822869,4529
822869,3600
822869,3603
822869,3596
822869,3598
822869,4590
822869,2506
822869,3415
822869,2828
822869,707
822870,3720
822870,4529
822870,3600
822870,3603
822870,3596
822870,3598
822870,4590
822870,2506
822870,3415
822870,2828
822870,707
822880,3628
822880,4554
822880,3617
822880,3603
822880,3596
822880,3598
822880,4590
822880,2506
822880,3415
822916,3598
822916,4590
822916,2506
822916,3415
822919,3600
822919,1086
822919,3632
822919,4254
822919,4566
823181,616
823181,1248
823181,708
823181,711
823181,3419
823181,2279
823181,4591
823181,3599
823181,3597
823181,3604
823181,3601
823181,3663
823181,1083
823194,616
823194,1248
823194,708
823194,711
823194,3419
823194,2279
823194,4591
823194,3599
823194,3597
823194,3604
823194,3601
823194,3663
823194,1083
823196,616
823196,1248
823196,708
823196,711
823196,3419
823196,2279
823196,4591
823196,3599
823196,3597
823196,3604
823196,3601
823196,3664
823196,3635
823197,708
823197,711
823197,3419
823197,2279
823197,4591
823197,3599
823197,3597
823197,3604
823197,3601
823197,3664
823197,3635
823199,708
823199,711
823199,3419
823199,2279
823199,4591
823199,3599
823199,3597
823199,3604
823199,3601
823199,3663
823199,1083
823220,616
823220,1248
823220,708
823220,711
823220,3419
823220,2279
823220,4591
823220,3599
823220,3597
823220,3604
823220,3616
823220,3601
823220,4528
823220,3720
823221,616
823221,1248
823221,708
823221,711
823221,3419
823221,2279
823221,4591
823221,3599
823221,3597
823221,3604
823221,1086
823221,4555
823221,4554
823221,3601
823221,4528
823221,3720
823223,616
823223,1248
823223,708
823223,711
823223,3419
823223,2279
823223,4591
823223,3599
823223,3597
823223,3604
823223,1086
823223,4555
823223,4554
823223,3601
823223,4528
823223,3720
823224,708
823224,711
823224,3419
823224,2279
823224,4591
823224,3599
823224,3597
823224,3604
823224,3616
823224,3601
823224,4528
823224,3720
823226,616
823226,1248
823226,708
823226,711
823226,3419
823226,2279
823226,4591
823226,3599
823226,3597
823226,3604
823226,3616
823226,1086
823226,3632
823226,3621
823226,1092
823227,616
823227,1248
823227,708
823227,711
823227,3419
823227,2279
823227,4591
823227,3599
823227,3597
823227,3604
823227,1086
823231,616
823231,1248
823231,708
823231,711
823231,3419
823231,2279
823231,4591
823231,3599
823231,3597
823231,3604
823231,1086
823231,4555
823231,3629
823233,616
823233,1248
823233,708
823233,711
823233,3419
823233,2279
823233,4591
823233,3599
823233,3597
823233,3604
823233,1086
823233,3632
823233,4254
823265,3134
823298,647
823298,639
823298,3899
823298,1248
823298,708
823298,711
823298,3421
823298,2305
823330,788
823330,216
823330,226
823330,240
823330,30
823330,305
823330,3900
823332,304
823332,2531
823332,884
823332,217
823334,216
823334,226
823334,240
823334,30
823334,305
823334,3900
823335,3901
823335,304
823335,2531
823335,884
823335,217
823403,216
823416,604
823416,708
823416,711
823416,3420
823436,1149
823487,255
823487,271
823487,281
823499,1532
823533,3123
823533,636
823535,4728
823535,4521
823535,3123
823535,636
823537,4521
823537,3123
823537,636
823570,1188
823570,711
823570,3421
823570,2305
823571,1188
823571,711
823571,3421
823571,2305
823615,1248
823615,711
823615,3420
823616,3526
823616,546
823616,613
823617,3415
823617,2828
823617,613
823627,639
823627,3899
823627,1248
823627,708
823627,711
823627,3421
823627,2305
823668,4125
823668,4137
823668,4122
823668,3906
823668,3514
823668,3519
823672,568
823672,1189
823672,935
823672,707
823672,613
823672,4652
823672,637
823672,644
823672,1329
823672,665
823676,1034
823676,1701
823676,568
823676,1189
823676,935
823676,707
823676,613
823676,4652
823676,637
823676,644
823676,1329
823676,665
823679,568
823679,2117
823679,935
823679,707
823679,613
823679,4652
823679,637
823679,644
823679,1329
823679,665
823732,1501
823732,1580
823732,1544
823733,1398
823734,1397
823735,1541
823735,1581
823735,1502
823742,616
823742,1248
823742,708
823742,711
823742,3419
823742,2279
823742,4591
823742,3599
823742,3597
823742,3604
823742,1086
823742,3632
823742,3621
823742,1092
823751,616
823751,1248
823751,708
823751,711
823751,3419
823751,2279
823751,4591
823751,3599
823751,3597
823751,3604
823751,3601
823751,3664
823751,3635
823751,1079
823754,1202
823754,3615
823754,3665
823754,3600
823754,3603
823754,3596
823754,3598
823754,4590
823754,2506
823754,3415
823754,2828
823754,707
823809,403
823809,3256
823816,1125
823816,114
823816,211
823818,94
823818,1125
823818,3762
823818,216
823827,799
823827,94
823827,1125
823827,3762
823827,216
823830,114
823830,788
823830,216
823835,255
823845,3134
823845,3132
823845,3514
823845,317
823845,281
823845,403
823846,3134
823846,3132
823846,3514
823846,317
823846,281
823846,403
823846,3256
823847,3134
823847,3132
823847,3514
823847,317
823847,281
823847,403
823847,4706
823847,3256
823964,616
823964,1248
823964,708
823964,711
823964,3419
823964,2279
823964,4591
823964,3599
823964,3597
823964,3604
823964,3601
823964,4528
823964,3720
823967,1200
823967,3662
823967,3600
823967,3603
823967,3596
823967,3598
823967,4590
823967,2506
823967,3415
823967,2828
823967,707
824127,1750
824152,1531
824152,1542
824152,3523
824152,1418
824152,2031
824152,1495
824182,4255
824182,2934
824182,2781
824182,3415
824183,3421
824183,728
824183,3244
824183,3720
824183,4596
824183,3669
824183,3706
824183,3709
824183,1081
824183,3064
824183,3672
824183,4422
824186,4553
824186,2934
824186,2781
824186,3415
824188,3420
824188,2782
824188,4566
824189,3420
824189,2782
824189,3641
824189,4254
824190,3420
824190,2782
824190,3641
824190,3621
824190,1092
824195,4566
824195,2934
824195,2781
824195,3415
824196,4254
824196,2934
824196,2781
824196,3415
824197,2934
824197,2781
824197,3415
824198,2255
824198,2934
824198,2781
824198,3415
824199,1093
824199,4254
824199,2934
824199,2781
824199,3415
824200,4423
824200,3671
824200,3065
824200,1082
824200,3707
824200,3670
824200,4597
824200,3720
824200,4529
824200,727
824200,3415
824201,3421
824201,728
824201,3244
824201,4596
824201,3669
824201,1702
824201,3706
824201,3709
824201,1081
824201,3064
824201,3672
824201,4422
824209,4423
824209,3671
824209,3065
824209,1082
824216,3420
824216,2782
824216,4566
824216,4256
824216,2115
824360,3134
824360,481
824360,3891
824360,2341
824364,3134
824364,481
824364,3891
824364,2341
824366,3134
824366,481
824366,3891
824366,2341
824368,3134
824368,481
824368,3891
824368,2341
824369,378
824369,3890
824447,255
824518,376
824518,1817
824523,334
824523,3812
824523,4400
824523,2665
824523,4280
824523,1934
824523,4278
824637,26
824637,445
824637,3906
824637,319
824637,2855
824637,255
824640,26
824640,445
824640,3906
824640,319
824699,2342
824703,526
824703,538
824704,539
824704,527
824705,526
824705,538
824705,3272
824706,3272
824706,539
824706,527
824746,94
824746,1125
824746,3762
824747,115
824747,91
824751,3421
824751,2273
824751,2305
824751,1945
824751,2871
824754,255
824774,3134
824774,3132
824774,3514
824774,317
824774,281
824774,403
824774,4706
824776,469
824776,3132
824776,3514
824776,317
824776,281
824776,403
824776,3256
824777,469
824777,3132
824777,3514
824777,317
824777,281
824777,403
824777,4706
824777,3256
824779,3134
824782,554
824950,927
825174,1239
825174,281
825174,403
825174,2341
825174,1816
825174,4878
825174,4880
825174,4876
825174,4875
825174,4874
825198,4876
825198,4875
825198,4878
825198,1817
825198,2342
825198,1963
825198,2855
825211,760
825211,1230
825211,2711
825211,3419
825211,2935
825211,2375
825507,26
825507,445
825507,3906
825507,319
825507,2855
825507,255
825515,3891
825515,3139
825515,4878
825515,4880
825515,4876
825515,4875
825515,4874
825538,1249
825538,3134
825542,3526
825542,546
825542,1248
825542,711
825542,3420
825554,1151
825554,318
825554,3892
825554,27
825555,255
825566,1151
825566,305
825566,3891
825567,1151
825567,305
825567,3891
825590,3884
825590,3415
825590,2828
825590,707
825602,3933
825602,2863
825602,316
825602,2816
825602,613
825602,3895
825603,3144
825610,2871
825612,3422
825621,818
825621,242
825621,217
825621,2479
825621,115
825622,2479
825622,115
825624,4652
825625,281
825625,403
825625,378
825635,3514
825635,508
825635,480
825635,347
825635,2666
825635,4389
825635,4825
825635,2010
825635,4738
825636,2011
825636,4827
825636,4389
825636,2665
825636,348
825636,481
825636,509
825637,2341
825637,375
825637,4413
825640,334
825640,3812
825640,4400
825640,2665
825640,4280
825640,1934
825640,4278
825640,4754
825640,4287
825641,4291
825641,4277
825641,1933
825641,4279
825641,2666
825641,4401
825641,3813
825641,335
825648,33
825648,4663
825648,538
825649,539
825649,4664
825649,838
825665,1542
825665,3523
825665,1418
825665,2031
825684,1548
825684,1420
825785,1396
825785,2034
825785,1417
825785,3521
825785,1397
825816,3412
825816,1306
825816,2863
825816,3900
825816,2527
825841,3008
825841,891
825841,1138
825841,3412
825841,211
825841,240
825841,3518
825842,3008
825842,891
825842,1138
825842,3412
825842,211
825842,240
825842,3518
825854,568
825885,3421
825885,728
825885,3720
825885,4596
825885,3668
825885,1979
825885,3669
825885,3706
825885,3709
825885,1081
825885,3064
825885,3672
825885,4422
825886,3421
825886,728
825886,4596
825886,3668
825886,1979
825886,3669
825886,3706
825887,3421
825887,728
825887,4596
825887,3668
825887,1979
825887,3669
825887,3706
825887,3709
825887,1081
825887,3064
825887,3672
825887,4422
825888,4423
825888,3671
825888,3065
825888,1082
825888,3707
825888,3668
825888,1979
825888,3670
825888,4597
825888,3720
825888,727
825888,3415
825889,4423
825889,3671
825889,3065
825889,1082
825889,3707
825889,3668
825889,1979
825889,3670
825889,4597
825889,727
825889,3415
826014,2341
826014,375
826014,4413
826015,376
826015,1817
826016,3758
826016,1149
826016,4634
826016,4478
826016,4707
826016,4744
826017,4492
826017,4745
826017,4429
826017,4479
826017,4633
826017,271
826017,3757
826018,2884
826018,1791
826018,4634
826018,4478
826018,4707
826018,4467
826022,4288
826022,4300
826022,4754
826022,4285
826022,4283
826022,1217
826022,357
826022,2527
826025,812
826025,3861
826025,4458
826025,4115
826025,4709
826025,4481
826025,4678
826025,4461
826025,4746
826026,812
826026,3861
826026,4458
826026,4115
826026,4709
826026,4481
826026,4678
826026,4461
826026,4746
826026,4711
826027,4747
826027,4462
826027,4678
826027,4480
826027,4710
826027,4114
826027,4457
826027,3410
826028,2884
826028,1791
826028,4634
826028,4478
826028,4465
826028,4746
826032,4277
826032,1933
826032,4279
826032,2666
826032,4401
826032,3813
826032,335
826036,4288
826036,4300
826036,4754
826036,4285
826036,4283
826036,1217
826036,357
826036,2527
826041,3526
826041,546
826041,1248
826041,711
826041,3420
826045,217
826045,2479
826045,115
826046,3933
826046,2863
826046,316
826046,2816
826046,613
826046,3895
826064,378
826066,2274
826066,3415
826066,2828
826068,509
826068,3526
826068,546
826068,613
826068,3895
826071,3415
826071,2828
826080,636
826080,818
826080,3517
826080,508
826080,3106
826090,2899
826090,3422
826096,3901
826096,281
826113,2899
826113,55
826113,1945
826113,2274
826113,2304
826113,3415
826113,2828
826113,707
826114,613
826125,647
826125,639
826125,3899
826125,1248
826125,708
826125,711
826125,3421
826125,2305
826126,2274
826126,3415
826126,2828
826126,707
826126,613
826126,4652
826126,638
826134,4876
826134,4875
826134,4874
826134,4878
826134,864
826135,94
826135,1125
826135,3762
826135,216
826137,799
826137,94
826137,1125
826137,3762
826138,115
826138,91
826138,3136
826140,1125
826140,114
826143,812
826143,403
826144,2274
826144,3415
826144,2828
826144,707
826144,613
826146,1248
826146,708
826146,711
826146,3421
826146,2305
826146,728
826155,1239
826155,281
826155,403
826155,2341
826155,1816
826155,4878
826155,4880
826158,4492
826158,4429
826158,4479
826158,3235
826158,1865
826158,251
826161,4747
826161,4429
826161,4479
826161,3235
826161,1865
826161,251
826162,4429
826162,4479
826162,3235
826162,1865
826162,251
826167,115
826167,4803
826167,2482
826167,73
826167,1705
826168,115
826168,4803
826168,2482
826168,73
826170,2482
826170,73
826181,4700
826181,3537
826181,638
826181,4646
826182,4647
826182,636
826182,3536
826182,4699
826184,576
826184,567
826184,2113
826184,4255
826184,3641
826184,4254
826184,3619
826184,1085
826184,3600
826185,3600
826185,1086
826185,3618
826185,4254
826185,4566
826185,4256
826185,2113
826185,568
826185,575
826188,576
826188,567
826188,2113
826188,4255
826188,4566
826189,4566
826189,4256
826189,2113
826189,568
826189,575
826193,3901
826193,304
826193,2531
826193,884
826193,217
826193,2479
826193,3217
826196,16
826196,198
826196,3547
826196,2884
826196,1151
826196,494
826196,3518
826196,3102
826196,509
826196,3526
826196,546
826196,613
826196,3895
826197,637
826197,815
826197,242
826197,255
826198,4681
826198,240
826198,814
826198,636
826203,3412
826203,3547
826203,2884
826203,1151
826203,305
826203,3891
826203,1002
826204,396
826204,3890
826204,304
826204,2855
826204,255
826204,1759
826204,3416
826209,636
826209,818
826209,3517
826209,508
826209,3106
826209,3514
826209,1000
826209,2342
826210,864
826210,3890
826210,3518
826210,3106
826210,509
826210,2816
826210,545
826210,1782
826210,638
826211,637
826211,650
826211,1330
826211,3517
826211,480
826212,481
826212,3526
826212,638
826213,1125
826213,788
826213,216
826213,240
826213,1330
826213,3517
826213,508
826213,3107
826213,3892
826213,1249
826213,3134
826214,469
826214,3132
826214,3906
826214,3104
826214,3526
826214,547
826214,242
826214,217
826214,2479
826215,4876
826215,4875
826215,4874
826215,4878
826215,864
826215,3512
826226,1160
826226,824
826226,651
826226,3517
826226,508
826226,3106
826226,3514
826226,3901
826232,4681
826232,1151
826232,318
826232,3892
826232,27
826233,1306
826233,1151
826233,318
826233,3892
826233,1249
826233,27
826234,3008
826234,891
826234,1138
826234,3412
826234,211
826234,240
826234,3518
826234,3104
826234,509
826234,3526
826234,546
826234,27
826236,3526
826236,2816
826236,4570
826236,255
826237,4681
826237,4571
826237,3517
826238,4570
826238,255
826239,4681
826239,4571
826239,869
826246,884
826246,217
826246,115
826246,91
826249,212
826249,115
826249,1025
826250,4652
826250,636
826250,818
826250,242
826250,255
826250,271
826251,1149
826251,4681
826251,240
826251,1782
826251,639
826251,3899
826261,3933
826261,2863
826261,316
826261,2816
826261,613
826261,4652
826262,4652
826263,3895
826268,1151
826268,494
826268,2815
826268,3518
826271,1230
826271,3421
826271,707
826271,613
826271,637
826273,2528
826273,3901
826273,2855
826273,1174
826276,3895
826277,3895
826277,3144
826280,4652
826281,4652
826282,4876
826282,4875
826282,4878
826282,1817
826282,2342
826282,1963
826282,2855
826283,2479
826283,3217
826284,2479
826284,3217
826285,3218
826285,788
826287,2899
826287,51
826287,2274
826287,3415
826287,2828
826287,707
826289,604
826289,708
826289,711
826289,3421
826289,2305
826289,2871
826291,2899
826291,55
826291,2274
826291,2304
826291,3415
826291,2828
826291,707
826291,626
826292,2861
826292,4706
826292,1149
826292,251
826294,1759
826294,116
826295,1759
826295,116
826295,788
826297,16
826297,198
826297,3547
826297,2884
826297,1151
826297,494
826297,3518
826297,3102
826299,3514
826299,1154
826299,255
826299,1759
826299,15
826300,4652
826300,637
826301,509
826301,3526
826301,546
826301,613
826301,637
826302,546
826302,613
826302,637
826303,3526
826303,546
826303,613
826303,637
826308,637
826309,636
826310,242
826310,255
826311,4681
826311,240
826311,814
826311,1165
826312,4652
826312,637
826313,639
826313,3899
826315,1215
826315,481
826319,480
826319,2035
826320,1002
826325,1215
826325,481
826326,1215
826326,481
826328,788
826328,3412
826328,3547
826328,2884
826328,1151
826328,305
826328,3891
826328,1002
826329,396
826329,3890
826329,304
826329,2855
826329,255
826329,1759
826329,3416
826330,396
826330,3890
826330,304
826330,2855
826331,396
826331,3890
826331,304
826331,2855
826332,3890
826332,304
826332,2855
826333,3890
826333,304
826334,3412
826334,3547
826334,2884
826334,1151
826334,305
826334,3891
826334,1002
826342,3514
826342,396
826353,636
826353,818
826353,3517
826353,508
826353,3106
826353,3514
826355,271
826355,281
826357,864
826357,3890
826357,3518
826357,3106
826364,637
826365,650
826365,1330
826365,3517
826365,480
826366,638
826367,481
826367,3526
826371,3892
826371,1249
826371,3134
826372,1125
826372,788
826372,216
826372,240
826372,1330
826372,3517
826372,508
826372,3107
826372,3892
826372,1249
826372,3134
826374,788
826374,216
826374,240
826375,1125
826375,788
826375,216
826375,240
826375,1330
826375,3517
826375,508
826376,469
826376,3132
826376,3906
826376,3104
826376,3526
826376,547
826376,242
826376,217
826377,3906
826377,3104
826377,3526
826377,547
826377,242
826377,217
826377,2479
826378,3134
826378,3132
826378,3906
826378,509
826378,3526
826378,547
826380,3134
826380,3132
826380,3906
826380,3104
826380,3526
826380,547
826380,242
826380,217
826380,2479
826384,788
826384,2554
826386,657
826386,3891
826386,3139
826386,4878
826386,4880
826387,657
826387,3891
826387,3139
826387,4878
826387,4880
826387,4876
826387,4875
826387,4874
826387,4880
826388,1330
826389,4876
826389,4875
826389,4874
826389,4878
826389,864
826389,3890
826389,3526
826397,977
826397,1871
826397,1782
826410,639
826410,3895
826411,4652
826411,637
826415,212
826415,3547
826421,217
826421,2479
826421,115
826429,1176
826429,1178
826429,1248
826429,708
826429,711
826429,3421
826429,2305
826429,728
826431,1160
826431,824
826431,651
826431,3517
826431,508
826431,3106
826431,3514
826431,3901
826433,1160
826433,824
826433,651
826433,3517
826433,508
826433,3106
826433,3514
826433,3901
826435,1160
826435,824
826435,651
826435,3517
826435,508
826439,1160
826439,824
826439,651
826444,637
826446,647
826446,637
826448,638
826448,700
826449,604
826449,708
826449,711
826449,3420
826450,604
826450,708
826450,711
826450,3420
826450,2488
826451,3415
826451,2828
826451,707
826451,602
826451,613
826468,2594
826468,934
826469,3892
826469,27
826470,4681
826471,26
826471,445
826471,3906
826471,319
826472,1151
826472,318
826472,3892
826472,1249
826472,27
826473,4681
826473,4809
826475,26
826475,3133
826475,3906
826475,319
826477,509
826477,3526
826477,546
826477,27
826478,1138
826478,3412
826478,211
826478,240
826480,26
826480,1330
826480,3517
826480,508
826480,3104
826480,3514
826480,545
826480,242
826480,212
826480,2579
826480,3416
826482,26
826482,1330
826482,3517
826482,508
826483,26
826483,1330
826483,3517
826483,545
826483,543
826485,3514
826485,3526
826485,2816
826485,4570
826485,255
826494,4681
826494,4571
826494,869
826494,4627
826494,3517
826495,4681
826495,4571
826495,869
826495,4627
826495,3517
826496,4681
826498,4626
826498,4570
826498,255
826514,509
826514,3526
826514,547
826516,667
826516,636
826517,636
826521,884
826521,217
826521,115
826521,91
826521,3136
826522,242
826522,884
826522,217
826522,115
826522,91
826523,242
826523,884
826523,217
826523,115
826523,91
826523,3136
826531,242
826531,212
826531,115
826531,1025
826534,639
826534,3899
826535,636
826535,818
826535,242
826535,255
826535,271
826536,4652
826537,1149
826537,4681
826537,240
826537,1782
826550,509
826550,3526
826550,547
826551,3105
826551,509
826551,3526
826551,547
826556,707
826556,613
826558,3422
826576,1249
826576,27
826577,115
826577,1139
826577,981
826577,799
826577,1025
826578,115
826578,1139
826578,981
826578,799
826578,1025
826579,242
826579,255
826579,271
826579,281
826579,3782
826579,378
826581,242
826581,255
826581,271
826581,281
826581,378
826582,2342
826582,2861
826582,1149
826582,4681
826583,242
826583,255
826583,271
826583,281
826583,378
826584,271
826584,281
826584,3782
826584,378
826585,3782
826585,378
826586,2861
826586,1149
826586,4681
826588,1153
826588,2342
826588,2861
826588,1149
826588,4681
826589,242
826589,255
826589,271
826589,281
826589,3782
826589,378
826589,1153
826590,242
826590,255
826590,271
826590,281
826590,378
826590,1153
826591,1153
826591,2342
826591,3781
826591,2861
826591,1149
826591,4681
826592,1153
826592,2342
826592,2861
826592,1149
826592,4681
826593,255
826593,271
826593,281
826593,3782
826593,378
826594,255
826594,271
826594,281
826594,378
826596,255
826596,271
826596,281
826596,378
826596,1153
826597,242
826597,255
826597,271
826597,281
826597,3782
826597,378
826597,1153
826598,242
826598,255
826598,271
826598,281
826598,378
826602,242
826602,255
826602,261
826602,179
826602,3800
826603,3799
826603,3802
826603,180
826603,2884
826603,4809
826603,2723
826604,255
826604,261
826604,179
826604,3800
826605,261
826605,179
826605,3800
826606,242
826606,255
826606,261
826606,179
826606,3800
826607,255
826607,261
826607,179
826607,3800
826608,242
826608,255
826608,261
826608,2492
826608,3800
826611,3799
826611,3802
826611,2869
826611,2884
826611,4809
826611,2723
826612,952
826613,3517
826613,3518
826613,1218
826613,3894
826613,4138
826613,4123
826614,3517
826614,3518
826614,1218
826614,3894
826614,4138
826614,4123
826614,4375
826615,480
826615,347
826615,2666
826615,4401
826615,2010
826616,2011
826616,4400
826616,348
826616,1215
826616,481
826617,480
826617,2035
826617,350
826618,3807
826618,349
826618,1215
826618,481
826619,378
826619,3890
826619,480
826619,2955
826619,3134
826620,480
826620,347
826620,2666
826620,4401
826620,2010
826622,480
826622,2035
826622,350
826622,2010
826623,480
826623,2035
826623,350
826624,378
826624,3890
826624,480
826624,3134
826625,378
826625,3890
826625,480
826625,3134
826626,378
826626,3890
826626,480
826626,3134
826627,378
826627,3890
826627,480
826627,3134
826637,1892
826637,603
826637,576
826637,567
826647,1160
826647,639
826647,3899
826647,1892
826647,604
826647,934
826647,567
826649,1160
826649,639
826649,3899
826649,1892
826649,604
826649,934
826649,1034
826649,1701
826649,567
826650,1160
826650,639
826650,3899
826650,1892
826650,604
826650,934
826650,2117
826650,567
826656,639
826656,3899
826656,1892
826656,604
826656,934
826657,1160
826658,568
826658,1189
826658,935
826658,707
826658,613
826658,4652
826658,637
826658,644
826659,568
826659,1189
826659,935
826659,707
826659,613
826659,4652
826659,637
826659,644
826677,4681
826678,2342
826678,3781
826678,2861
826678,1149
826678,4681
826679,3218
826679,788
826679,216
826679,226
826679,240
826679,30
826679,305
826679,3900
826682,4681
826682,4571
826682,3517
826682,3518
826683,378
826683,864
826683,327
826683,2816
826686,481
826686,3526
826686,638
826687,1233
826687,3105
826687,509
826690,480
826690,347
826690,2666
826690,4401
826690,2010
826690,864
826787,1680
826787,1578
826787,1544
826787,1397
826805,1573
826805,1501
826805,1580
826807,33
826807,4663
826807,538
826807,2747
826808,539
826808,4664
826808,838
826879,1542
826884,4250
826884,1543
826889,1548
826889,1420
826889,3521
826890,1419
826890,1547
826890,2536
826895,4250
826895,1419
826895,1547
826895,2536
826900,1495
826907,1495
826934,1398
826934,1541
826934,1579
826934,1680
826956,1704
826956,149
826960,1015
826967,4423
826967,3671
826967,3065
826967,1082
826967,3707
826967,3670
826967,4597
826967,3720
826967,727
826967,3415
826984,2528
826984,481
826984,3103
826984,509
826984,3526
826984,546
826984,4895
826984,554
826990,3900
826990,2527
826991,1306
826991,2863
826991,3900
826991,2527
826992,1266
826992,3412
826992,1306
826992,2863
826992,3900
826992,2527
826998,255
826998,271
827013,1176
827013,4893
827027,546
827027,4895
827027,554
827027,2880
827035,2528
827035,481
827035,3103
827035,509
827035,3526
827035,546
827035,4895
827035,554
827040,4894
827040,3517
827040,3573
827049,575
827049,595
827053,575
827055,575
827055,1034
827055,1701
827055,595
827062,4894
827062,4570
827062,255
827063,4681
827063,4571
827063,869
827063,4626
827063,4893
827066,2330
827066,2528
827066,481
827066,3526
827066,4895
827066,554
827067,3893
827067,481
827067,3526
827067,4895
827067,554
827069,2330
827069,2528
827069,481
827069,3526
827069,4895
827069,554
827070,2528
827070,481
827070,3526
827070,4895
827072,2528
827072,481
827072,3526
827072,4895
827072,1795
827072,554
827076,4894
827076,3517
827076,480
827076,3894
827082,114
827082,788
827082,216
827083,2274
827083,3415
827083,2828
827083,707
827083,613
827083,4652
827083,638
827083,700
827084,1149
827084,251
827085,16
827085,198
827085,3547
827085,2884
827085,1151
827085,494
827085,3518
827095,2815
827095,3891
827095,396
827095,2342
827097,935
827097,707
827097,611
827099,509
827099,3526
827101,2528
827101,481
827101,509
827101,3526
827101,547
827104,1233
827104,3105
827104,509
827104,3526
827104,547
827106,211
827107,884
827107,217
827107,115
827107,91
827108,884
827108,217
827108,115
827108,91
827108,3136
827120,1542
827120,1419
827120,4899
827121,4898
827121,1420
827121,1543
827122,4896
827122,1470
827122,1420
827122,3521
827122,2820
827123,1497
827123,2818
827123,3523
827123,1419
827123,1471
827123,4899
827124,4898
827124,1547
827125,1548
827125,4899
827139,1419
827139,4899
827141,4898
827141,1420
827144,3522
827144,1419
827144,1471
827144,4899
827146,2818
827146,3523
827146,1419
827146,1471
827146,4899
827147,4896
827147,1470
827147,1420
827147,3521
827149,4896
827149,1470
827149,1420
827149,3521
827149,2820
827150,2034
827150,1417
827150,3521
827150,1397
827153,1398
827153,3522
827153,1418
827153,2031
827164,4250
827164,1543
827191,4652
827191,1819
827191,1330
827191,3517
827191,508
827191,3102
827191,3514
827191,1154
827191,255
827191,1759
827191,15
827192,2528
827192,3901
827192,2855
827192,1174
827192,3416
827192,116
827193,3415
827193,2828
827193,1819
827193,1330
827193,3517
827195,3899
827195,1819
827195,2815
827195,317
827195,281
827195,3934
827196,3899
827196,1819
827196,2815
827196,317
827196,281
827196,3934
827197,3899
827197,1819
827197,2815
827197,317
827197,281
827197,3934
827200,2919
827200,2528
827200,3901
827202,2528
827202,3901
827202,2855
827202,1174
827203,3415
827203,2828
827203,1819
827203,1330
827203,3517
827210,2528
827210,481
827211,3899
827211,1819
827211,2815
827211,317
827211,281
827211,3934
827212,3891
827212,3139
827212,4878
827212,4880
827213,4876
827213,4875
827213,4874
827213,4878
827213,864
827216,638
827217,3105
827217,927
827225,1680
827225,4250
827225,1614
827225,1543
827225,2819
827225,1496
827225,1604
827226,1603
827226,1497
827226,2818
827226,1541
827226,1637
827226,1524
827226,1868
827234,1868
827235,1396
827235,1750
827236,1750
827237,1751
827241,1497
827241,2818
827288,1531
827288,1542
827288,3523
827288,1419
827288,1547
827288,2536
827289,3523
827289,1419
827289,1547
827289,2536
827290,1548
827290,1420
827290,1524
827293,2820
827293,1531
827293,1408
827296,1396
827296,2034
827296,1417
827296,3521
827296,1397
827303,1541
827306,1751
827307,1542
827307,1418
827313,1573
827313,1501
827313,1580
827313,1543
827315,1501
827315,1580
827315,1544
827315,1397
827316,1501
827316,1580
827316,1544
827316,1397
827319,2820
827319,1496
827319,1604
827326,1542
827326,3523
827326,1418
827326,2031
827326,1495
827329,3522
827329,1418
827329,2031
827329,1495
827333,1497
827333,2818
827333,1541
827333,1637
827333,1524
827333,2031
827333,1897
827338,1897
827342,2818
827342,1541
827342,1637
827342,1524
827342,2031
827342,1495
827376,2820
827376,1541
827376,1579
827376,1396
827384,1398
827396,1542
827396,3523
827396,1418
827396,2031
827396,1897
827397,1531
827411,1548
827411,4899
827417,1680
827417,2034
827417,1417
827417,3521
827417,1541
827418,3523
827418,1418
827418,2031
827418,1495
827421,242
827421,217
827421,212
827421,3547
827422,1759
827422,1142
827422,216
827422,240
827423,4876
827423,4875
827423,4874
827423,4878
827423,1817
827423,2342
827423,1963
827423,2855
827423,1142
827424,2274
827424,3415
827424,2828
827424,707
827424,1819
827424,1289
827424,2028
827424,884
827424,217
827424,212
827429,284
827429,2861
827429,1149
827429,1865
827429,4681
827429,1142
827429,824
827429,639
827429,3895
827433,2342
827433,1963
827433,3182
827433,2861
827433,1149
827433,4681
827433,1142
827433,824
827435,242
827435,217
827435,212
827435,3547
827435,251
827436,1759
827436,1142
827436,216
827436,240
827437,1759
827437,1142
827437,216
827437,240
827438,251
827438,1759
827438,1142
827438,216
827438,240
827439,1759
827439,1142
827441,3514
827441,2855
827441,1142
827442,2855
827442,1142
827443,1759
827443,1142
827444,4876
827444,4875
827444,4874
827444,4878
827444,1817
827444,2342
827444,1963
827444,2855
827448,864
827448,3901
827448,1142
827449,2855
827449,205
827452,1142
827453,884
827453,217
827453,212
827455,2528
827455,481
827455,3891
827455,3933
827455,2855
827455,1174
827455,1142
827456,212
827456,1306
827456,281
827456,1962
827456,3934
827456,3890
827456,480
827456,2527
827457,212
827457,1306
827457,281
827458,1125
827458,114
827461,4681
827461,1142
827463,3183
827463,2855
827467,284
827467,2861
827467,1149
827467,1865
827467,4681
827467,1142
827467,824
827467,639
827472,1149
827472,4681
827472,1142
827472,824
827472,639
827472,3895
827473,284
827473,2861
827473,1149
827473,4681
827473,1142
827473,824
827475,864
827475,1142
827479,2342
827479,1963
827479,3182
827479,2861
827479,1149
827479,4681
827479,1142
827479,824
827480,2342
827480,1963
827480,3182
827480,2861
827480,1149
827480,4681
827480,1142
827480,824
827480,4562
827486,91
827486,798
827486,994
827489,1819
827490,1160
827492,3720
827492,4529
827492,3600
827492,3603
827492,3596
827492,3598
827492,4590
827492,2506
827492,3415
827492,2828
827492,707
827492,1819
827493,1200
827493,3662
827493,3600
827493,3603
827493,3596
827493,3598
827493,4590
827493,2506
827493,3415
827493,2828
827493,707
827493,1819
827494,3689
827494,3736
827494,1093
827494,4254
827494,3617
827494,3603
827494,3596
827494,3598
827494,4590
827494,2506
827494,3415
827494,2828
827494,707
827494,1819
827496,3720
827496,4529
827496,3600
827496,3616
827496,3603
827496,3596
827496,3598
827496,4590
827496,2506
827496,3415
827496,2828
827496,707
827496,1819
827497,3601
827497,4529
827497,3600
827497,3603
827497,3596
827497,3598
827497,4590
827497,2506
827497,3415
827497,2828
827497,707
827497,1819
827498,1202
827498,3615
827498,3665
827498,3600
827498,3603
827498,3596
827498,3598
827498,4590
827498,2506
827498,3415
827498,2828
827498,707
827498,1819
827499,1202
827499,3615
827499,3665
827499,4529
827499,3600
827499,3603
827499,3596
827499,3598
827499,4590
827499,2506
827499,3415
827499,2828
827499,707
827499,1819
827501,1200
827501,3662
827501,3600
827501,3616
827501,3603
827501,3596
827501,3598
827501,4590
827501,2506
827501,3415
827501,2828
827501,707
827501,1819
827502,3420
827502,2782
827502,4566
827502,2115
827504,3420
827504,2782
827504,3641
827505,3420
827505,2782
827505,3641
827505,2254
827506,616
827506,1248
827506,708
827506,711
827506,3419
827506,2279
827506,4591
827506,3599
827506,3597
827506,3604
827506,1086
827506,4555
827506,3629
827507,3628
827507,4554
827507,3617
827507,3603
827507,3596
827507,3598
827507,4590
827507,2506
827507,3415
827507,2828
827507,707
827507,1819
827509,3617
827509,3603
827509,3596
827509,3598
827509,4590
827509,2506
827509,3415
827509,2828
827509,707
827509,1819
827510,4254
827510,3617
827510,3603
827510,3596
827510,3598
827510,4590
827510,2506
827510,3415
827510,2828
827510,707
827510,1819
827519,1751
827519,1868
827522,1897
827522,2032
827522,4250
827522,1614
827522,1543
827522,2819
827526,1398
827526,3522
827526,1418
827527,1398
827527,1541
827527,1579
827527,1396
827530,1398
827530,3522
827530,1548
827530,4897
827531,1398
827531,3522
827531,1548
827531,4897
827543,1497
827543,2818
827543,1541
827543,1637
827543,1524
827543,1868
827544,1497
827544,2818
827544,1541
827544,1637
827544,1524
827544,1868
827546,1496
827546,1604
827547,2820
827547,1496
827547,1604
827548,1680
827548,4250
827548,1614
827548,1543
827548,2819
827548,1496
827548,1604
827549,1497
827549,2818
827549,1541
827549,1637
827549,1524
827549,2031
827549,1495
827550,1897
827550,2032
827550,4250
827550,1614
827550,1543
827550,2819
827556,1548
827556,1420
827556,3521
827557,3522
827557,1419
827557,1547
827557,2536
827565,1541
827565,4684
827566,3523
827566,1418
827566,2031
827566,1897
827607,1312
827607,1017
827607,3517
827607,508
827607,3102
827615,679
827615,212
827615,1306
827615,281
827615,1962
827615,3934
827615,3890
827615,480
827615,2527
827619,667
827619,636
827624,2172
827633,1230
827633,3415
827633,2828
827633,707
827633,1819
827633,1312
827633,1017
827633,1330
827633,3517
827633,508
827637,642
827637,636
827637,1312
827637,1176
827637,4517
827643,2855
827643,1174
827643,1142
827643,2172
827643,675
827643,678
827644,679
827646,2172
827646,675
827646,678
827653,94
827653,1125
827653,3762
827653,216
827653,226
827653,952
827654,94
827654,1125
827654,3762
827654,226
827658,114
827658,788
827658,216
827658,952
827658,1782
827660,2816
827660,952
827660,1782
827669,1573
827669,1501
827669,1387
827669,4685
827669,1544
827669,2819
827669,1531
827669,1408
827673,4896
827673,1470
827673,1420
827673,1581
827673,1502
827673,1572
827674,1573
827674,1501
827674,1580
827674,1419
827674,1471
827674,4899
827705,1532
827705,2818
827705,1541
827705,4684
827705,1679
827705,1502
827705,1572
827707,2820
827707,1541
827707,4684
827707,1679
827707,1502
827707,1572
827708,1581
827708,1502
827708,1572
827711,1581
827711,1502
827711,1572
827712,1541
827712,1581
827712,1502
827712,1572
827718,1573
827718,1501
827718,1580
827718,1419
827718,1547
827727,1573
827727,1501
827727,1580
827727,1543
827747,2820
827747,1541
827747,1637
827747,1524
827747,1868
827758,1680
827758,4250
827758,1614
827758,1543
827758,2819
827763,1750
827766,4903
827770,576
827770,2880
827770,565
827770,607
827771,576
827771,567
827772,582
827772,568
827772,575
827772,4892
827773,575
827773,555
827773,4892
827774,1819
827775,582
827775,568
827775,575
827775,4892
827775,874
827775,613
827776,596
827776,575
827776,555
827776,4892
827777,596
827777,1034
827777,1701
827777,575
827777,555
827777,4892
827778,575
827778,555
827778,4892
827778,613
827779,596
827779,575
827779,555
827779,4892
827779,613
827780,553
827780,4894
827780,3517
827780,480
827780,2527
827781,553
827781,4894
827781,3517
827781,480
827781,3894
827783,553
827783,4894
827783,3517
827783,480
827783,3894
827786,214
827786,1176
827786,4893
827787,26
827787,1330
827787,3517
827787,508
827787,3104
827787,3514
827787,242
827787,212
827787,2579
827787,3416
827787,1251
827787,2999
827788,2880
827788,553
827788,4892
827788,1330
827788,3517
827788,508
827788,3105
827788,3514
827788,545
827788,242
827788,212
827788,129
827788,1251
827789,3008
827789,891
827789,1138
827789,211
827789,240
827789,3105
827789,509
827789,3526
827789,546
827789,4895
827789,554
827789,2880
827790,1142
827790,216
827790,228
827790,1176
827790,1178
827790,1248
827790,708
827790,711
827790,3421
827790,2305
827790,728
827791,553
827791,4892
827791,1330
827791,3517
827791,508
827791,3103
827791,480
827791,2527
827792,1901
827792,604
827792,708
827792,711
827792,3420
827793,3415
827793,2828
827793,707
827793,603
827793,1900
827793,4892
827794,2899
827794,55
827794,1945
827794,2274
827794,2304
827794,3415
827794,2828
827794,707
827794,603
827794,4892
827794,1330
827794,3517
827794,508
827794,3102
827794,3514
827794,2861
827794,1149
827794,251
827795,2884
827795,271
827795,2863
827795,3518
827795,3102
827795,509
827795,3526
827795,2953
827795,546
827795,4893
827795,604
827795,708
827795,711
827795,3421
827795,2273
827795,2305
827795,1945
827795,2871
827796,1901
827796,604
827796,708
827796,711
827796,3422
827797,3884
827797,3415
827797,2828
827797,707
827797,603
827797,1900
827797,4892
827798,1233
827798,3105
827798,509
827798,3526
827798,841
827798,1176
827798,804
827798,576
827798,567
827799,575
827799,1017
827799,1330
827799,3517
827799,3105
827799,927
827800,378
827800,864
827800,327
827800,2816
827800,546
827800,4893
827800,1901
827800,604
827800,711
827800,3421
827800,2305
827801,2274
827801,3415
827801,2828
827801,603
827801,4892
827801,1330
827801,2815
827801,3891
827801,2342
827802,636
827802,818
827802,964
827802,4381
827802,493
827802,494
827802,3900
827805,977
827805,818
827805,4381
827806,1901
827806,604
827806,708
827806,711
827806,3421
827806,2305
827806,2871
827807,2899
827807,51
827807,2274
827807,3415
827807,2828
827807,707
827807,603
827807,4892
827808,642
827808,636
827808,1312
827808,1176
827808,4517
827808,4893
827808,1901
827808,604
827808,605
827808,708
827808,711
827808,3421
827810,1901
827810,613
827810,3895
827811,4652
827811,1892
827811,603
827811,1900
827813,4892
827813,2028
827814,212
827814,115
827814,1025
827815,242
827815,212
827815,115
827815,1025
827816,3514
827816,545
827816,242
827816,212
827816,2579
827816,3416
827816,1251
827816,2999
827818,2880
827818,553
827818,4892
827818,1330
827818,3517
827818,508
827823,3008
827823,891
827823,1138
827823,211
827823,240
827823,3518
827824,603
827824,2867
827824,2880
827825,2880
827825,553
827825,804
827825,637
827827,1142
827830,553
827830,4892
827830,1330
827830,3517
827830,508
827831,553
827831,4892
827832,603
827832,2867
827832,554
827833,1901
827833,604
827833,708
827833,711
827833,3420
827834,1901
827834,604
827834,708
827834,711
827834,3420
827834,2488
827835,1901
827835,604
827835,708
827835,711
827835,3420
827835,2488
827836,1901
827836,602
827837,603
827837,1900
827838,2899
827838,55
827838,1945
827838,2274
827838,2304
827838,3415
827838,2828
827838,707
827838,603
827838,4892
827838,1330
827838,3517
827838,508
827839,2899
827839,55
827839,1945
827839,2274
827839,2304
827839,3415
827839,2828
827839,707
827839,603
827839,4892
827839,1330
827839,3517
827839,508
827840,509
827840,3526
827840,2953
827840,546
827840,4893
827843,1233
827843,3105
827843,509
827843,3526
827843,841
827843,1176
827843,804
827844,575
827844,1017
827844,1330
827844,3517
827844,3105
827845,575
827845,1017
827845,1330
827845,3517
827845,3105
827845,927
827845,3581
827846,1017
827846,1330
827846,3517
827846,3105
827850,2274
827850,3415
827850,2828
827850,603
827850,4892
827850,1330
827850,2815
827851,2274
827851,3415
827851,2828
827851,603
827851,4892
827851,1330
827851,2815
827852,603
827852,4892
827852,1330
827852,2815
827852,3891
827852,396
827852,2342
827857,977
827857,818
827857,4381
827858,818
827858,4381
827859,636
827859,818
827859,242
827859,255
827859,271
827860,1901
827861,603
827862,642
827862,636
827862,1312
827862,1176
827862,4893
827862,1901
827862,604
827862,605
827862,708
827862,711
827862,3421
827864,642
827864,636
827864,1312
827864,1176
827864,4517
827864,4893
827864,1901
827864,604
827864,605
827864,708
827864,711
827864,3421
827865,1901
827865,613
827866,1901
827866,613
827866,3895
827868,1901
827872,4652
827872,1892
827872,603
827872,1900
827875,1892
827875,603
827875,1900
827883,4892
827883,2028
827883,215
827886,3415
827886,2828
827886,707
827886,606
827886,603
827886,1900
827886,4892
827886,1289
827886,2029
827886,1313
827886,637
827886,668
827886,2172
827886,675
827887,509
827887,3526
827887,2953
827887,841
827887,2029
827887,1313
827887,1248
827887,2594
827887,934
827889,1151
827889,494
827889,2815
827889,3518
827889,3102
827889,509
827889,3526
827889,841
827889,2029
827889,1313
827889,1248
827889,708
827889,711
827889,3422
827890,3415
827890,2828
827890,707
827890,606
827890,603
827890,1900
827890,4892
827890,1289
827890,2029
827890,1313
827890,637
827890,668
827891,509
827891,3526
827891,841
827891,2029
827891,1313
827891,637
827892,509
827892,3526
827892,841
827892,2029
827892,1313
827892,637
827893,509
827893,3526
827893,841
827893,2029
827893,1313
827893,637
827893,3833
828126,2820
828126,1541
828126,1637
828126,1524
828126,2031
828126,1897
828129,1897
828129,2032
828129,4250
828129,1614
828129,1543
828129,2819
828130,1897
828130,2032
828130,4250
828130,1614
828130,1543
828130,2819
828191,1548
828191,1420
828191,1581
828191,1502
828191,1572
828265,115
828265,4803
828265,2482
828265,73
828265,1705
828266,1704
828266,2251
828266,895
828267,148
828267,1705
828268,2838
828268,3476
828268,74
828268,1025
828269,1704
828269,2251
828270,1704
828270,2251
828270,895
828272,3977
828272,992
828272,1705
828273,115
828273,4803
828273,2482
828273,73
828273,1705
828274,2482
828274,73
828274,1705
828277,4248
828277,2040
828277,1705
828278,4248
828278,2040
828278,1705
828279,895
828280,992
828280,1015
828280,1705
828282,1704
828282,2251
828282,895
828282,3870
828283,3871
828283,992
828283,1015
828283,1705
828284,3871
828284,992
828284,1015
828284,1705
828287,148
828287,1705
828287,4201
828288,148
828289,148
828289,1705
828290,148
828290,1705
828293,1705
828295,148
828296,148
828296,1705
828297,148
828297,1705
828298,153
828298,148
828300,153
828300,148
828300,1705
828301,1704
828301,149
828301,153
828302,2838
828302,3476
828302,74
828302,1025
828303,3995
828303,2838
828303,3476
828303,74
828303,1025
828304,3995
828304,2838
828304,3476
828304,74
828304,1025
828305,74
828305,1025
828306,74
828306,1025
828307,1015
828307,1705
828308,1015
828308,1705
828309,3977
828309,992
828309,1015
828309,1705
828310,3977
828310,992
828310,1015
828310,1705
828311,895
828313,3977
828313,992
828313,1705
828314,895
828314,3976
828315,1704
828315,895
828315,3976
828318,1396
828318,1750
828323,1573
828323,1501
828323,1580
828323,1419
828323,1547
828323,2536
828325,1407
828325,1532
828325,2818
828325,1541
828325,4684
828325,1679
828325,1502
828325,1572
828330,1897
828330,2034
828330,1417
828330,1533
828330,4684
828332,91
828332,798
828332,994
828333,2528
828333,481
828333,3891
828333,3933
828333,3182
828333,2855
828333,1174
828333,1142
828333,2172
828333,675
828333,678
828335,935
828335,707
828335,611
828335,1819
828335,1312
828335,1017
828335,1330
828335,3517
828335,508
828335,3102
828336,4652
828336,637
828336,668
828336,2172
828337,639
828337,3899
828338,1230
828338,3415
828338,2828
828338,707
828338,1819
828338,1312
828338,1017
828338,1330
828338,3517
828338,508
828338,3107
828338,3514
828338,2816
828338,1154
828338,281
828339,26
828339,3133
828339,3906
828339,319
828339,2855
828339,255
828340,637
828340,1165
828340,668
828340,2172
828340,675
828340,1074
828341,3901
828341,952
828341,815
828341,1782
828341,638
828342,2816
828342,952
828342,1782
828342,4894
828342,3517
828345,1312
828345,1017
828345,3517
828345,508
828345,3102
828349,2172
828349,675
828351,2884
828351,271
828351,2863
828351,3518
828351,3102
828352,494
828353,1230
828353,3415
828353,2828
828353,707
828353,1819
828353,1312
828353,1017
828353,1330
828353,3517
828353,508
828353,3107
828353,3514
828353,2816
828353,1154
828353,281
828354,3899
828354,604
828354,708
828354,711
828354,3421
828354,2305
828354,2871
828355,1151
828355,305
828355,3891
828356,26
828356,445
828356,3906
828356,319
828356,2855
828356,255
828358,26
828358,3133
828358,3906
828358,319
828358,2855
828358,255
828362,637
828362,668
828363,3901
828363,952
828363,815
828363,1782
828363,638
828364,1125
828364,114
828364,211
828364,952
828365,115
828365,1025
828367,2342
828368,2943
828368,179
828369,180
828370,2528
828370,2036
828370,353
828370,4284
828370,4286
828370,4291
828370,4301
828370,4276
828370,4275
828371,2943
828371,179
828371,4387
828371,4490
828372,4387
828372,180
828373,638
828373,3124
828374,638
828374,3124
828374,4439
828375,638
828375,3124
828375,4439
828376,1901
828376,604
828376,708
828376,711
828376,3422
828376,4431
828376,4523
828376,3641
828376,3621
828376,1092
828377,1093
828377,4254
828377,4566
828377,3608
828377,4432
828377,3415
828377,2828
828377,707
828377,603
828378,1901
828378,604
828378,708
828378,711
828378,3422
828378,4431
828378,4523
828378,3641
828378,3027
828378,4659
828378,2254
828379,2255
828379,4660
828379,4566
828379,3608
828379,4432
828379,3415
828379,2828
828379,707
828379,603
828380,3598
828380,4590
828380,2506
828380,3421
828380,2305
828380,2871
828380,3652
828380,3646
828380,3036
828380,1979
828380,3669
828380,1702
828380,3706
828380,3588
828380,3666
828380,3722
828381,3667
828381,3707
828381,1703
828381,3668
828381,1731
828381,3037
828381,3647
828381,3653
828381,2899
828381,2274
828381,3419
828381,4591
828381,3599
828382,604
828382,708
828382,711
828382,3422
828382,4431
828382,4523
828382,3641
828382,3621
828382,1092
828383,1901
828383,604
828383,708
828383,711
828383,3422
828383,4431
828383,4523
828383,3641
828383,4254
828384,1901
828384,604
828384,708
828384,711
828384,3422
828384,4431
828384,4523
828384,4566
828385,1093
828385,4254
828385,4566
828385,3608
828385,4432
828385,3415
828385,2828
828385,707
828385,603
828386,1093
828386,4254
828386,4566
828386,3608
828386,4432
828386,3415
828386,2828
828386,707
828386,603
828387,4254
828387,4566
828387,3608
828387,4432
828387,3415
828387,2828
828387,707
828387,603
828388,4566
828388,3608
828388,4432
828388,3415
828388,2828
828388,707
828388,603
828390,1093
828390,4254
828390,4566
828390,3608
828390,4432
828390,3415
828390,2828
828390,707
828390,603
828391,4254
828391,4566
828391,3608
828391,4432
828391,3415
828391,2828
828391,707
828391,603
828395,1901
828395,604
828395,708
828395,711
828395,3422
828395,4431
828395,4523
828395,3641
828395,3027
828395,4659
828395,2254
828398,2255
828398,4660
828398,4566
828398,3608
828398,4432
828398,3415
828398,2828
828398,707
828398,603
828400,1092
828400,2255
828400,4660
828400,4566
828400,3608
828400,4432
828400,3415
828400,2828
828400,707
828400,603
828402,1092
828402,2255
828402,4660
828402,4566
828402,3608
828402,4432
828402,3415
828402,2828
828402,707
828402,603
828403,3689
828403,2255
828403,4660
828403,4566
828403,3608
828403,4432
828403,3415
828403,2828
828403,707
828403,603
828407,3421
828407,2305
828407,2871
828407,3652
828407,3646
828407,3036
828407,1979
828407,3669
828407,1702
828407,3706
828407,3588
828407,3666
828407,3722
828408,3667
828408,3707
828408,1703
828408,3668
828408,1731
828408,3037
828408,3647
828408,3653
828408,2899
828408,2274
828408,3415
828409,3421
828409,2305
828409,2871
828409,3652
828409,3646
828409,3645
828409,3722
828409,3852
828410,3721
828410,3644
828410,3036
828410,1731
828410,3037
828410,3647
828410,3653
828410,2899
828410,2274
828410,3415
828411,3667
828411,3586
828412,3721
828412,3644
828412,3036
828412,1731
828412,3037
828412,3647
828412,3653
828412,2899
828412,2274
828412,3419
828412,4591
828412,3599
828414,3598
828414,4590
828414,2506
828414,3421
828414,2305
828414,2871
828414,3652
828414,3646
828414,3036
828414,1731
828414,3037
828414,3645
828414,3722
828414,3852
828430,1901
828430,604
828430,708
828430,711
828430,3422
828430,4431
828430,4523
828430,3641
828430,3621
828430,1092
828431,1901
828431,1237
828432,1238
828432,1900
828432,977
828433,1238
828434,1901
828437,603
828437,1900
828438,977
828439,603
828440,1237
828441,824
828441,1164
828442,1163
828442,666
828450,3802
828450,4681
828450,3517
828450,508
828450,3103
828450,480
828450,2035
828451,636
828451,818
828451,3517
828451,508
828451,3106
828451,3514
828451,396
828452,864
828452,3890
828452,3518
828452,3106
828452,509
828452,3526
828452,2816
828452,545
828452,1782
828452,638
828453,3890
828453,3518
828453,3106
828453,509
828453,3526
828453,2816
828453,545
828453,650
828453,665
828455,4652
828455,637
828455,666
828455,212
828455,255
828455,271
828455,2863
828456,637
828456,666
828456,212
828456,195
828456,179
828457,180
828457,1142
828457,824
828457,638
828458,666
828458,255
828458,271
828458,281
828458,403
828458,378
828459,952
828460,818
828460,964
828460,4381
828461,3801
828462,3802
828462,4681
828462,3517
828462,508
828462,3103
828462,480
828462,2035
828463,3802
828463,4681
828463,3517
828463,508
828463,3103
828463,480
828463,2035
828464,3802
828464,4681
828464,3517
828464,508
828465,4681
828466,3901
828466,315
828466,1782
828471,636
828471,818
828471,3517
828471,508
828471,3106
828471,3514
828472,509
828472,3526
828472,2816
828472,545
828472,1782
828472,638
828473,864
828473,3890
828473,3518
828473,3106
828473,509
828473,3526
828473,2816
828473,545
828473,1782
828473,638
828474,509
828474,3526
828474,2816
828474,545
828474,1782
828474,638
828480,114
828480,788
828480,216
828480,952
828480,1782
828481,4652
828481,636
828481,818
828481,242
828481,255
828481,271
828481,4706
828482,1142
828482,1176
828482,613
828485,1819
828485,1330
828485,3517
828486,1819
828486,1330
828487,636
828487,818
828487,964
828487,4381
828487,493
828487,494
828487,3900
828488,3901
828488,952
828488,815
828488,1782
828488,638
828489,3890
828489,3518
828489,3106
828489,509
828489,3526
828489,2816
828489,545
828489,650
828489,665
828490,650
828490,665
828493,4628
828496,666
828496,212
828496,255
828496,271
828496,2863
828497,4652
828497,637
828497,666
828497,212
828497,255
828497,271
828498,666
828498,212
828498,255
828498,271
828499,666
828499,212
828499,255
828499,271
828500,666
828500,212
828500,255
828500,271
828500,2863
828501,864
828501,3890
828501,3518
828501,3106
828501,509
828501,3526
828501,2816
828501,545
828501,1782
828501,638
828504,708
828504,711
828504,3422
828505,603
828505,1900
828505,4892
828506,1901
828506,602
828508,638
828509,637
828509,666
828509,212
828509,195
828509,179
828510,180
828510,1142
828510,824
828510,638
828511,637
828514,666
828514,255
828514,271
828514,281
828514,403
828514,378
828518,1215
828518,481
828518,3104
828518,509
828518,3526
828518,255
828518,3801
828519,568
828519,1189
828519,935
828519,707
828519,613
828519,4652
828519,637
828519,644
828519,1329
828519,665
828520,1034
828520,1701
828520,568
828520,2117
828520,1189
828520,935
828520,707
828520,613
828520,4652
828520,637
828520,644
828520,1329
828520,665
828521,568
828521,2117
828521,935
828521,707
828521,613
828521,4652
828521,637
828521,644
828521,1329
828521,665
828523,1034
828523,1701
828523,935
828523,707
828523,613
828523,4652
828523,637
828523,644
828523,1329
828523,665
828524,1329
828524,665
828526,665
828527,603
828529,1680
828529,1578
828529,1544
828529,1397
828530,1398
828530,1541
828530,1579
828530,1868
828531,1680
828531,4898
828531,1547
828531,3524
828531,1397
828532,1398
828532,3522
828532,1548
828532,4897
828532,1868
828533,1680
828533,1578
828533,1544
828533,1407
828533,1532
828534,1497
828534,1531
828534,1408
828534,1542
828534,1579
828534,1868
828535,1398
828535,3522
828535,1418
828535,2033
828535,1750
828536,1751
828536,2034
828536,1417
828536,3521
828536,1397
828537,1751
828537,2034
828537,1417
828537,3521
828537,2820
828537,1496
828537,1604
828538,1603
828538,1497
828538,2818
828538,3523
828538,1418
828538,2033
828538,1750
828539,4896
828539,1420
828539,1581
828539,1502
828539,1572
828540,1573
828540,1501
828540,1580
828540,1419
828540,4899
828541,1581
828541,1502
828541,1572
828542,1548
828542,1420
828542,1581
828542,1502
828542,1572
828543,1581
828543,1502
828543,1572
828544,3523
828544,1419
828544,1547
828544,2536
828545,1680
828545,4250
828545,1614
828545,1543
828545,2819
828546,4250
828546,1614
828546,1543
828546,2819
828547,1680
828548,1680
828548,4250
828548,1614
828548,1543
828548,2819
828549,2818
828549,1541
828549,1637
828549,1524
828549,1868
828550,4896
828550,1473
828551,1573
828551,1501
828551,1580
828551,1524
828551,2031
828552,1573
828552,1501
828552,1580
828553,1581
828553,1502
828553,1572
828554,1581
828554,1502
828554,1572
828555,2033
828555,1472
828555,4899
828556,1541
828556,1581
828556,1502
828556,1572
828557,4896
828557,1473
828558,2033
828558,1472
828558,4899
828559,1897
828559,2032
828559,4250
828559,1614
828559,1543
828559,2819
828560,1497
828560,2818
828561,2818
828561,1541
828561,1637
828561,1524
828561,2031
828561,1897
828562,1398
828563,1680
828564,1680
828564,1578
828564,1544
828564,1397
828565,1398
828565,1541
828565,1579
828565,1868
828566,1868
828567,1548
828567,1471
828569,1396
828569,2033
828569,1470
828569,1547
828570,1398
828570,3522
828570,1548
828570,4897
828570,1868
828571,1680
828571,4898
828571,1547
828571,3524
828571,1397
828572,1680
828573,1680
828573,4898
828573,1547
828573,3524
828573,2820
828574,1680
828574,4898
828574,1547
828574,3524
828574,1397
828575,1868
828576,1398
828576,3522
828576,1548
828576,4897
828576,1868
828577,1680
828577,1578
828577,1544
828577,2819
828578,1680
828579,1680
828579,1578
828579,1544
828579,1407
828579,1532
828580,1868
828581,1680
828581,1578
828581,1544
828581,1407
828581,1532
828582,1531
828582,1408
828582,1542
828582,1579
828582,1868
828583,1751
828583,2034
828583,1417
828583,3521
828583,1397
828584,1751
828585,1398
828585,3522
828585,1418
828585,2033
828585,1750
828586,2033
828586,1750
828587,1751
828587,2031
828588,1751
828588,2034
828588,1417
828588,3521
828588,2820
828589,3522
828589,1418
828589,2033
828589,1750
828590,2818
828590,3523
828590,1418
828590,2033
828590,1750
828591,2033
828591,1750
828592,4896
828592,1420
828592,3521
828593,4896
828593,1420
828593,3521
828594,3522
828594,1419
828594,4899
828595,3523
828595,1419
828595,4899
828596,1573
828596,1501
828596,1387
828596,4685
828596,1544
828596,2493
828597,1541
828597,4684
828597,1679
828597,1502
828597,1572
828598,1398
828598,3522
828598,1548
828598,4897
828598,1868
828599,1603
828599,1497
828599,2818
828599,3523
828599,1418
828599,2033
828599,1750
828600,1868
828601,1501
828601,1580
828601,1544
828602,1541
828602,1581
828602,1502
828603,1573
828603,1501
828603,1387
828603,4685
828603,1544
828603,2493
828604,4570
828604,255
828604,261
828604,179
828604,3222
828604,188
828605,187
828605,3221
828605,180
828605,2884
828605,4809
828605,4571
828605,869
828606,1215
828606,481
828606,3104
828606,509
828606,3526
828606,255
828606,3801
828607,187
828607,3221
828607,180
828607,2884
828607,4809
828607,4571
828607,869
828607,4627
828608,255
828608,261
828608,179
828608,3222
828608,188
828609,187
828609,3221
828609,180
828609,2884
828609,4809
