variant_id,is_main,equiv_main_variant_id,join_stop_id,disjoin_stop_id
774946,0,,,
797647,0,826016,,
797823,0,826017,,
802437,0,826016,,
805419,0,,,
805422,0,,,
805593,0,826017,,
805669,1,,,
805671,0,,,
806431,1,,,
806432,1,,,
806466,1,,,
807472,0,826017,,
809315,0,826017,,
809416,0,826016,,
809456,0,826017,,
809478,0,826017,,
809492,0,826016,,
809494,0,826017,,
809536,0,826017,,
809723,0,,,
809829,0,826016,,
809910,1,,,
809911,1,,,
810558,0,826016,,
811372,0,826016,,
811821,0,826017,,
812236,0,826016,,
812503,1,,,
812505,1,,,
812512,0,,,
812516,0,,,
812540,0,,,
812541,0,,,
813989,1,,,
813990,1,,,
813999,0,,,
814095,0,826017,,
815232,1,,,
815233,0,,,
815449,0,,,
816354,0,826016,,
816367,0,,,
816368,0,,,
816369,0,,,
816469,1,,,
816779,0,826017,,
816781,0,826016,,
816825,0,826017,,
817023,0,826017,,
817269,0,826016,,
817432,0,,,
817616,0,826017,,
817625,0,,,
817724,1,,,
817725,1,,,
817726,0,,,
817727,0,,,
817735,0,,,
817963,1,,,
817968,0,,,
818476,0,826017,,
818948,0,826016,,
818967,0,,,
819028,0,,,
819040,0,826016,,
819095,0,,,
819128,0,826017,,
819281,0,826017,,
819321,0,826016,,
819324,0,826016,,
819332,0,826016,,
819339,0,826016,,
819353,0,826017,,
819376,0,826016,,
819383,0,826017,,
819401,0,826017,,
819404,0,826016,,
819411,0,826017,,
819430,0,826016,,
819449,0,826016,,
819450,0,826017,,
819453,0,826017,,
819454,0,826016,,
819459,0,826016,,
819789,0,,,
819793,0,,,
819795,0,,,
820343,0,,,
820433,0,826017,,
820434,0,826016,,
820435,0,826016,,
820563,0,826017,,
820680,0,,,
820836,1,,,
821143,1,,,
821177,1,,,
821210,0,826016,,
821211,0,826016,,
821214,0,826017,,
821224,0,826016,,
821228,0,826017,,
821251,0,826017,,
821365,0,,,
821409,0,,,
821437,0,826017,,
821775,0,826017,,
821856,1,,,
822074,1,,,
822075,1,,,
822076,1,,,
822077,1,,,
822084,0,,,
822085,0,,,
822196,1,,,
822234,0,826016,,
822402,1,,,
822403,0,826016,,
822404,0,826017,,
822407,0,826017,,
822569,0,,,
822570,0,,,
822579,1,,,
822584,0,,,
822586,0,,,
822618,0,826016,,
823330,0,,,
823332,0,,,
823334,0,826016,,
823335,0,826017,,
823403,0,,,
823487,0,826016,,
823499,0,826016,,
823531,0,,,
823533,1,,,
823535,0,,,
823537,0,,,
823616,0,826016,,
823623,0,826016,,
823668,1,,,
823672,1,,,
823676,0,,,
823679,0,,,
823699,1,,,
823721,0,826016,,
823731,1,,,
823733,0,826017,,
823734,0,826016,,
823809,0,,,
823816,1,,,
823818,1,,,
823827,0,,,
823830,0,,,
823835,0,826016,,
823841,0,,,
824127,0,826016,,
824156,0,826016,,
824369,0,,,
824703,1,,,
824704,1,,,
824705,0,,,
824706,0,,,
824746,0,826017,,
824747,0,826016,,
824758,0,,,
824782,0,,,
824950,0,,,
825003,0,826017,,
825174,1,,,
825198,0,,,
825515,1,,,
825533,0,826017,,
825546,0,826017,,
825551,0,,,
825566,0,826016,,
825567,0,826016,,
825602,0,,,
825608,0,,,
825610,0,,,
825621,0,826016,,
825622,0,826016,,
825625,0,,,
825635,1,,,
825636,1,,,
825648,0,,,
825649,0,,,
825685,0,826017,,
825724,0,826016,,
825841,0,,,
825842,0,,,
826014,1,,,
826015,1,,,
826016,1,,,
826017,1,,,
826018,1,,,
826025,0,,,
826027,0,,,
826045,1,,,
826046,1,,,
826064,0,,,
826068,0,,,
826077,0,826016,,
826079,0,826017,,
826080,0,,,
826096,0,,,
826114,0,826016,,
826128,0,826016,,
826134,0,,,
826135,0,,,
826137,0,,,
826138,0,826016,,
826139,0,,,
826140,0,826017,,
826143,0,,,
826155,0,,,
826158,1,,,
826162,0,,,
826167,0,,,
826168,0,,,
826170,0,,,
826193,1,,,
826196,1,,,
826203,1,,,
826204,1,,,
826209,1,,,
826210,1,,,
826212,1,,,
826215,1,,,
826226,1,,,
826234,1,,,
826236,1,,,
826237,1,,,
826238,1,,,
826239,1,,,
826246,1,,,
826249,1,,,
826250,1,,,
826261,0,826016,,
826262,0,826017,,
826263,0,826016,,
826266,0,,,
826268,0,,,
826273,0,826017,,
826276,0,826016,,
826277,0,826016,,
826280,0,826017,,
826281,0,826017,,
826282,0,,,
826283,0,826017,,
826284,0,,,
826285,0,826016,,
826292,0,,,
826294,0,826017,,
826295,0,826017,,
826297,0,,,
826299,0,,,
826300,0,826016,,
826302,0,826017,,
826303,0,826017,,
826306,0,,,
826308,0,826016,,
826309,0,826017,,
826312,0,826016,,
826315,0,,,
826319,0,,,
826325,0,,,
826326,0,,,
826328,0,,,
826329,0,,,
826331,0,826017,,
826332,0,826017,,
826333,0,826017,,
826334,0,826016,,
826342,0,,,
826353,0,,,
826357,0,,,
826360,0,826016,,
826364,0,826016,,
826366,0,826017,,
826367,0,826017,,
826374,0,,,
826375,0,,,
826384,0,826017,,
826386,0,826016,,
826387,0,826016,,
826388,0,826017,,
826389,0,826017,,
826397,0,826016,,
826411,0,826016,,
826415,0,826016,,
826421,0,,,
826431,0,,,
826433,0,,,
826435,0,,,
826439,0,826017,,
826444,0,826016,,
826446,0,826016,,
826448,0,826017,,
826449,0,826016,,
826450,0,826016,,
826451,0,826017,,
826477,0,,,
826478,0,826016,,
826480,0,,,
826482,0,,,
826483,0,826017,,
826485,0,,,
826494,0,,,
826495,0,,,
826496,0,826017,,
826498,0,,,
826514,0,826017,,
826516,0,826017,,
826521,0,,,
826522,0,826016,,
826523,0,826016,,
826535,0,826016,,
826536,0,826016,,
826537,0,826017,,
826541,0,826016,,
826545,0,826017,,
826550,0,826016,,
826551,0,826016,,
826577,1,,,
826578,0,826016,,
826579,1,,,
826581,0,,,
826582,0,,,
826583,0,,,
826584,0,,,
826585,0,,,
826586,0,,,
826588,0,,,
826589,0,,,
826590,0,,,
826591,0,,,
826592,0,,,
826593,0,826016,,
826594,0,826016,,
826596,0,826016,,
826597,0,826016,,
826598,0,826016,,
826613,1,,,
826614,0,,,
826615,1,,,
826616,1,,,
826617,1,,,
826618,1,,,
826620,0,,,
826622,0,,,
826623,0,,,
826657,0,826016,,
826658,0,826017,,
826660,0,826017,,
826678,1,,,
826679,1,,,
826682,0,,,
826683,0,826016,,
826686,0,,,
826687,0,,,
826690,0,,,
826805,0,826017,,
826807,1,,,
826808,1,,,
826849,0,826017,,
826877,0,826016,,
826879,0,826016,,
826885,0,826016,,
826889,0,826017,,
826890,0,826016,,
826894,0,826016,,
826907,0,826017,,
826923,0,826016,,
826925,0,826016,,
826956,1,,,
826960,0,,,
826998,0,,,
827013,0,826017,,
827040,0,,,
827049,1,,,
827053,0,,,
827055,0,,,
827066,1,,,
827067,1,,,
827069,0,,,
827070,0,,,
827072,0,,,
827076,0,,,
827082,1,,,
827084,0,,,
827085,0,,,
827095,0,826017,,
827099,0,826017,,
827103,0,,,
827104,0,826016,,
827106,0,,,
827107,0,,,
827108,0,,,
827118,1,,,
827120,1,,,
827121,1,,,
827122,1,,,
827123,1,,,
827124,1,,,
827125,1,,,
827144,0,826017,,
827146,0,826017,,
827147,0,826016,,
827149,0,826016,,
827154,0,826016,,
827163,0,826016,,
827165,0,826016,,
827191,1,,,
827195,0,,,
827196,0,,,
827197,0,826017,281,
827211,1,,,
827212,0,,,
827213,0,,,
827216,0,826017,,
827217,0,,,
827231,1,,,
827234,0,826016,,
827235,0,826017,,
827255,0,826016,,
827256,0,826017,,
827274,0,826017,,
827280,0,,,
827281,0,826016,,
827293,0,826017,,
827308,0,826016,,
827315,1,,,
827316,1,,,
827338,0,826017,,
827409,0,826017,,
827421,1,,,
827422,1,,,
827423,1,826017,,
827429,1,,,
827433,1,,,
827435,0,,,
827436,0,,,
827437,0,,,
827438,0,,,
827439,0,826017,,
827441,0,826016,,
827442,0,826016,,
827443,0,826017,,
827444,0,,,
827447,0,826017,,
827448,0,826017,,
827449,0,826017,,
827452,0,826017,,
827453,0,826016,,
827457,0,826017,281,
827458,0,,,
827461,0,826017,,
827462,0,826017,,
827463,0,826017,,
827467,0,,,
827472,0,,,
827473,0,826017,,
827475,0,826017,,
827479,0,,,
827480,0,826017,,
827486,1,,,
827487,0,826017,,
827489,0,826017,,
827490,1,,,
827491,0,826017,,
827519,1,,,
827527,0,826017,,
827653,0,826017,,
827654,0,,,
827658,0,,,
827660,0,826016,,
827663,0,826016,,
827664,0,,,
827764,0,826017,,
827770,1,,,
827773,1,,,
827774,0,826017,,
827776,0,,,
827777,0,,,
827778,0,826017,,
827779,0,826017,,
827781,1,,,
827783,0,,,
827786,1,,,
827787,1,,,
827792,1,,,
827793,1,,,
827796,1,,,
827797,1,,,
827802,1,,,
827805,1,,,
827810,1,,,
827811,1,,,
827813,0,826016,,
827814,0,,,
827815,0,826016,,
827816,0,,,
827823,0,,,
827833,0,,,
827834,0,,,
827835,0,,,
827836,0,826016,,
827837,0,826017,,
827840,0,826017,,
827852,0,826017,,
827857,0,,,
827858,0,,,
827859,0,826016,,
827861,0,826017,,
827865,0,826016,,
827866,0,,,
827883,1,,,
827885,0,,,
828265,1,,,
828266,1,,,
828267,1,,,
828268,1,,,
828269,1,,,
828270,1,,,
828272,1,,,
828273,0,,,
828274,0,,,
828277,0,,,
828278,0,,,
828279,0,,,
828280,0,,,
828282,0,,,
828283,0,,,
828284,0,,,
828287,0,,,
828288,0,,,
828289,0,,,
828290,0,,,
828291,0,,,
828292,0,,,
828293,0,,,
828295,0,,,
828296,0,,,
828297,0,,,
828298,0,,,
828300,0,,,
828301,0,,,
828302,0,,,
828303,0,,,
828304,0,,,
828305,0,,,
828306,0,,,
828307,0,,,
828308,0,,,
828309,0,,,
828310,0,,,
828311,0,,,
828313,0,,,
828314,0,,,
828315,0,,,
828318,1,,,
828332,0,826017,,
828341,1,,,
828342,1,,,
828351,0,,,
828352,0,,,
828355,0,826016,,
828362,0,826016,,
828363,0,,,
828364,0,826017,,
828365,0,826016,,
828367,0,,,
828368,1,,,
828369,1,,,
828371,0,,,
828372,0,,,
828373,1,,,
828374,0,,,
828375,0,,,
828441,1,,,
828442,1,,,
828443,0,,,
828444,0,826016,,
828446,0,826017,,
828447,0,,,
828451,1,,,
828452,1,,,
828453,1,,,
828454,1,,,
828455,1,,,
828456,1,,,
828457,1,,,
828458,1,,,
828459,0,826016,,
828460,0,826017,,
828461,0,,,
828466,0,826016,,
828468,0,826016,,
828471,0,,,
828472,0,,,
828473,0,826017,,
828474,0,826017,,
828480,0,826017,,
828481,0,,,
828482,0,826017,,
828485,0,826017,,
828486,0,826017,,
828487,0,826016,,
828488,0,826017,,
828489,0,,,
828490,0,826017,,
828491,0,826017,,
828493,0,826017,,
828496,0,,,
828497,0,,,
828498,0,,,
828499,0,826016,,
828500,0,826016,,
828501,0,826017,,
828505,0,826017,,
828506,0,826016,,
828508,0,826017,,
828509,0,826016,,
828510,0,826017,,
828511,0,826016,,
828514,0,826016,,
828517,0,826016,,
828520,0,,,
828524,0,826017,,
828526,0,826016,,
828530,1,,,
828562,0,826017,,
828563,0,826016,,
828566,0,826017,,
828572,0,826016,,
828577,0,826016,,
828601,0,826016,,
828611,1,,,
828620,0,826016,,
828621,0,826017,,
828625,0,826016,,
828632,0,826016,,
828663,0,,,
828673,0,826017,,
828674,0,826016,,
828675,0,826017,,
828676,0,,,
828682,0,,,
828683,0,826017,,
828684,0,826016,,
828693,1,,,
828694,1,,,
828695,0,,,
828696,0,,,
828697,0,826016,,
828698,0,826016,,
828699,0,,,
828702,0,,,
828703,0,826016,,
828706,1,,,
828707,1,,,
828708,0,826016,,
828709,0,826017,,
828710,0,,,
828711,0,,,
828712,0,,,
828713,0,,,
828714,0,,,
828716,0,,,
828717,0,826016,,
828718,0,826017,,
828719,1,,,
828721,0,826016,,
828722,1,,,
828723,1,,,
828725,0,,,
828726,0,,,
828727,0,,,
828728,0,,,
828734,0,,,
828735,0,,,
828744,1,,,
828745,1,,,
828796,0,826016,,
828797,0,826017,,
828803,0,826017,,
828812,0,826017,,
828825,0,,,
828826,1,,,
828827,1,,,
828828,1,,,
828829,1,,,
828830,1,,,
828831,1,,,
828832,1,,,
828833,1,,,
828834,1,,,
828835,1,,,
828836,1,,,
828837,1,,,
828838,1,,,
828839,1,,,
828840,1,,,
828841,1,,,
828842,1,,,
828843,1,,,
828844,0,,,
828845,0,,,
828847,0,,,
828848,0,,,
828850,0,,,
828851,0,,,
828852,0,,,
828853,0,,,
828854,0,,,
828856,0,,,
828857,0,,,
828858,0,,,
828860,0,,,
828861,0,,,
828863,0,,,
828864,0,,,
828865,0,,,
828866,0,,,
828867,0,,,
828868,0,,,
828872,0,,,
828873,0,,,
828874,0,,,
828879,0,,,
828882,0,,,
828883,0,,,
828884,0,,,
828885,0,,,
828886,0,,,
828888,0,,,
828889,0,,,
828890,0,,,
828892,0,,,
828893,0,,,
828895,0,,,
828896,0,,,
828897,0,,,
828898,0,,,
828899,0,,,
828900,0,,,
828901,0,,,
828902,0,,,
828903,0,,,
828904,0,,,
828905,0,,,
828906,0,,,
828908,0,,,
828909,0,,,
828912,0,,,
828913,0,,,
828914,0,,,
828915,0,,,
828918,0,,,
828920,0,,,
828922,0,,,
828925,0,,,
828926,0,,,
828929,0,,,
828931,0,,,
828933,0,,,
828934,0,,,
828936,0,,,
828937,0,,,
828938,0,,,
828939,0,,,
828940,0,,,
828941,0,,,
828942,0,,,
828943,0,,,
828945,0,,,
828946,0,,,
828947,0,,,
828948,0,,,
828992,0,,,
829002,1,,,
829006,1,,,
829013,1,,,
829014,1,,,
829017,0,,,
829023,0,826017,,
829025,0,,,
829026,0,,,
829027,0,,,
829028,0,826016,,
829029,0,,,
829030,0,826017,,
829035,0,826017,,
829036,0,,,
829042,0,826016,,
829043,0,826017,,
829046,0,,,
829050,0,,,
829051,0,826017,,
829053,0,,,
829057,0,826017,,
829060,0,,,
829061,0,826016,,
829066,1,,,
829067,1,,,
829069,0,,,
829070,0,,,
829071,0,,,
829072,0,,,
829073,0,,,
829076,1,,,
829078,1,,,
829079,1,,,
829101,0,,,
829103,0,,,
829109,0,,,
829111,0,,,
829139,1,,,
829140,1,,,
829141,1,,,
829143,0,,,
829145,0,826017,,
829147,0,826016,,
829148,0,826017,,
829153,0,,,
829155,0,826017,,
829157,0,826016,,
829165,0,,,
829166,0,,,
829168,0,826016,,
829178,0,826017,,
829179,1,,,
829180,1,,,
829181,1,,,
829182,1,,,
829183,0,,,
829184,0,,,
829186,0,,,
829187,0,,,
829188,0,,,
829190,1,,,
829191,1,,,
829192,1,,,
829193,1,,,
829195,0,,,
829196,0,,,
829197,0,,,
829198,0,,,
829199,0,,,
829200,0,,,
829201,0,,,
829202,0,,,
829203,0,,,
829204,0,,,
829205,0,,,
829206,0,,,
829207,0,,,
829210,0,,,
829211,0,,,
829212,0,,,
829215,0,,,
829217,0,,,
829224,0,,,
829225,1,,,
829226,1,,,
829229,1,,,
829230,1,,,
829231,1,,,
829232,1,,,
829234,0,,,
829236,0,,,
829242,0,,,
829248,0,,,
829250,0,,,
829253,0,,,
829257,0,,,
829259,0,,,
829260,0,,,
829261,0,,,
829270,1,,,
829272,1,,,
829273,1,,,
829274,1,,,
829275,1,,,
829276,1,,,
829277,1,,,
829278,1,,,
829279,1,,,
829280,1,,,
829281,1,,,
829282,1,,,
829283,1,,,
829284,1,,,
829285,1,,,
829286,1,,,
829287,1,,,
829288,1,,,
829289,1,,,
829290,1,,,
829291,1,,,
829292,1,,,
829293,1,,,
829294,1,,,
829295,1,,,
829296,1,,,
829297,1,,,
829298,1,,,
829299,1,,,
829300,1,,,
829301,1,,,
829302,1,,,
829303,1,,,
829304,1,,,
829305,1,,,
829306,1,,,
829307,1,,,
829308,1,,,
829309,1,,,
829310,1,,,
829311,1,,,
829312,1,,,
829313,1,,,
829314,1,,,
829315,1,,,
829316,1,,,
829317,1,,,
829318,1,,,
829319,1,,,
829320,1,,,
829321,1,,,
829322,0,,,
829325,0,,,
829326,0,,,
829328,0,826017,,
829330,0,826016,,
829331,0,826016,,
829333,0,,,
829334,0,826016,,
829338,0,,,
829339,0,826017,,
829340,0,826016,,
829341,0,,,
829342,0,,,
829346,0,,,
829347,0,826017,,
829348,0,826016,,
829349,0,826016,,
829350,0,826017,,
829351,0,826017,,
829374,0,,,
829376,0,826016,,
829377,0,826017,,
829378,0,826017,,
829380,0,,,
829381,0,826017,,
829382,0,,,
829383,0,826017,,
829384,0,,,
829386,0,826016,,
829388,0,,,
829389,0,826016,,
829391,0,,,
829392,0,,,
829394,0,826016,,
829395,0,826016,,
829400,0,,,
829406,0,826016,,
829408,0,826017,,
829409,0,826016,,
829410,0,826017,,
829411,0,,,
829412,0,826017,,
829413,0,826016,,
829414,0,,,
829415,0,,,
829416,0,,,
829417,0,,,
829418,0,,,
829419,0,826016,,
829420,0,,,
829421,0,,,
829422,0,826016,,
829423,0,826017,,
829424,0,,,
829425,0,,,
829426,0,,,
829428,0,826016,,
829429,0,,,
829430,0,826016,,
829431,0,,,
829435,0,,,
829436,0,,,
829437,0,,,
829438,0,,,
829439,0,,,
829442,0,826017,,
829444,0,,,
829445,0,,,
829446,0,,,
829447,0,,,
829449,0,,,
829454,0,,,
829456,0,,,
829457,0,826016,,
829461,0,,,
829462,0,826016,,
829463,0,,,
829464,0,,,
829466,0,,,
829467,0,826017,,
829468,0,,,
829469,0,,,
829470,0,,,
829471,0,,,
829474,0,,,
829475,0,826017,,
829477,0,826017,,
829487,1,,,
829488,1,,,
829489,1,,,
829490,1,,,
829491,1,,,
829492,1,,,
829493,1,,,
829494,1,,,
829495,1,,,
829496,1,,,
829497,1,,,
829498,1,,,
829499,1,,,
829500,1,,,
829501,1,,,
829502,1,,,
829503,1,,,
829504,1,,,
829505,1,,,
829506,1,,,
829507,1,,,
829508,1,,,
829509,1,,,
829510,0,,,
829511,0,,,
829512,0,,,
829513,0,826017,,
829518,0,826016,,
829521,0,826016,,
829522,0,826017,,
829524,0,,,
829525,0,,,
829526,0,,,
829527,0,,,
829528,0,,,
829529,0,,,
829530,0,826016,,
829531,0,826017,,
829532,0,826017,,
829534,0,,,
829535,0,826016,,
829536,0,826016,,
829537,0,,,
829538,0,826017,,
829539,0,826016,,
829540,0,,,
829543,0,,,
829544,0,826017,,
829545,0,826016,,
829546,0,826017,,
829547,0,,,
829548,0,826016,,
829550,0,,,
829551,0,826017,,
829553,0,826016,,898
829554,0,,,
829555,0,826016,,
829557,0,826017,281,
829559,0,,,
829561,1,,,
829562,1,,,
829563,1,,,
829564,1,,,
829565,1,,,
829566,0,826016,,
829567,0,826017,,
829568,1,,,
829569,1,,,
829571,0,826016,,
829572,0,826017,,
829573,1,,,
829574,1,,,
829575,1,,,
829576,1,,,
829577,1,,,
829578,1,,,
829579,1,,,
829580,1,,,
829581,1,,,
829582,1,,,
829583,1,,,
829584,1,,,
829585,1,,,
829586,1,,,
829587,1,,,
829588,1,,,
829589,1,,,
829590,0,826016,,
829591,0,826017,,
829592,0,826017,,
829593,0,826016,,
829594,0,826017,,
829595,0,826016,,
829596,0,826016,,
829597,0,826016,,
829598,0,826017,,
829599,0,826017,,
829600,0,826016,,
829601,0,826017,,
829602,0,826017,,
829603,0,826016,,
829604,0,826017,,
829605,0,826016,,
829606,0,826016,,
829607,0,826017,,
829608,0,826016,,
829609,0,826016,,
829610,0,826017,,
829611,0,826017,,
829612,0,826016,,
829614,0,,,
829615,0,,,
829616,0,826016,,
829617,0,826017,,
829618,0,826016,,
829619,0,826017,,
829620,0,826017,,
829621,0,826017,,
829622,0,,,
829623,0,826016,,
829624,0,826017,,
829625,0,826017,,
829626,0,,,
829627,0,,,
829628,0,826016,,
829629,0,826016,,
829630,0,826017,,
829631,0,826017,,
829632,0,826016,,
829633,0,826017,,
829634,0,826016,,
829635,0,826017,,
829636,0,,,
829638,0,,,
829639,0,,,
829640,0,,,
829642,0,,,
829643,0,826016,,
829645,0,826016,,
829647,0,826016,,
829648,0,826017,,
829649,0,826016,,
829650,0,826017,,
829651,0,826016,,
829652,0,826016,,
829653,0,826016,,
829654,0,826017,,
829655,0,826017,,
829656,0,,,
829657,0,,,
829658,0,,,
829659,0,826017,,
829661,0,826017,,
829662,0,826016,,
829663,0,826016,,
829664,0,826016,,
829665,0,,,
829666,0,,,
829667,0,,,
829668,0,826016,,
829669,0,826016,,
829670,0,826017,,
829671,0,826016,,
829672,0,826016,,
829673,0,826016,,
829674,0,826017,,
829675,0,826017,,
829678,0,826016,,
829680,0,826017,,
829681,0,826016,,
829682,0,826017,,
829683,0,826017,,
829684,0,826017,,
829685,0,826016,,
829686,0,826016,,
829687,0,826017,,
829688,0,826016,,
829689,0,826017,,
829690,0,,,
829691,0,826016,,
829692,0,826017,,
829693,0,826017,,
829694,0,826016,,
829695,0,826016,,
829696,0,826017,,
829697,1,,,
829698,0,826017,,
829699,0,826017,,
829700,0,826017,,
829701,0,826017,,
829702,1,,,
